15 10 20 3 0.7867234139144251
15 10 20 6 0.824889342866871
15 10 22 6 0.8271493020088526
15 10 26 6 0.8271617864033594
15 10 28 6 0.8282981500397231
15 10 30 6 0.8305453410509591
15 10 32 6 0.8316564521620702
15 10 34 6 0.8327800476676881
15 10 36 6 0.8338911587787992
15 12 20 6 0.8350400068096697
15 12 32 6 0.8361508341845421
15 12 48 6 0.8361636023152877
15 14 26 6 0.8372999659516515
17 11 42 6 0.8384107933265238
17 11 48 6 0.840620531154239
18 14 20 6 0.8428926909544886
19 11 44 9 0.8451154806491885
20 10 22 6 0.8473621041879469
================================================================
20 10 22 6 0.8473621041879469